8 64 45 233
8 2 0 235
8 128 189 232
4 224 45 229
4 224 159 229
14 224 143 224
8 240 190 229
160 13 1 0
0 198 143 226
16 202 140 226
160 253 188 229
0 198 143 226
16 202 140 226
152 253 188 229
0 198 143 226
16 202 140 226
144 253 188 229
0 198 143 226
16 202 140 226
136 253 188 229
120 71 192 70
0 198 143 226
16 202 140 226
124 253 188 229
0 198 143 226
16 202 140 226
116 253 188 229
0 198 143 226
16 202 140 226
108 253 188 229
0 198 143 226
16 202 140 226
100 253 188 229
0 198 143 226
16 202 140 226
92 253 188 229
0 198 143 226
16 202 140 226
84 253 188 229
120 71 192 70
0 198 143 226
16 202 140 226
72 253 188 229
0 198 143 226
16 202 140 226
64 253 188 229
0 198 143 226
16 202 140 226
56 253 188 229
0 198 143 226
16 202 140 226
48 253 188 229
0 198 143 226
16 202 140 226
40 253 188 229
0 198 143 226
16 202 140 226
32 253 188 229
0 198 143 226
16 202 140 226
24 253 188 229
0 198 143 226
16 202 140 226
16 253 188 229
0 198 143 226
16 202 140 226
8 253 188 229
0 198 143 226
16 202 140 226
0 253 188 229
0 198 143 226
16 202 140 226
248 252 188 229
0 198 143 226
16 202 140 226
240 252 188 229
0 198 143 226
16 202 140 226
232 252 188 229
0 198 143 226
16 202 140 226
224 252 188 229
0 198 143 226
16 202 140 226
216 252 188 229
0 198 143 226
16 202 140 226
208 252 188 229
0 198 143 226
16 202 140 226
200 252 188 229
0 198 143 226
16 202 140 226
192 252 188 229
0 198 143 226
16 202 140 226
184 252 188 229
0 198 143 226
16 202 140 226
176 252 188 229
0 198 143 226
16 202 140 226
168 252 188 229
0 198 143 226
16 202 140 226
160 252 188 229
0 198 143 226
16 202 140 226
152 252 188 229
0 198 143 226
16 202 140 226
144 252 188 229
56 181 8 76
8 77 124 68
125 68 32 70
255 247 200 239
6 75 7 74
32 70 233 88
122 68 189 232
56 64 255 247
55 191 0 191
178 12 1 0
240 11 1 0
176 0 0 0
152 12 1 0
45 233 240 71
168 176 24 173
136 70 66 70
1 70 40 70
223 248 172 101
255 247 22 239
223 248 168 21
40 70 126 68
121 68 255 247
104 239 40 70
255 247 124 239
223 248 152 149
0 35 31 70
4 147 249 68
5 147 6 147
7 147 27 155
131 177 10 43
0 240 130 128
64 243 133 128
79 43 0 240
134 128 117 43
0 240 131 128
40 70 255 247
94 239 27 155
0 43 238 209
4 155 0 43
0 240 10 130
6 155 0 43
0 240 6 130
10 172 32 70
255 247 162 239
32 70 4 169
0 34 255 247
32 239 13 241
68 9 72 70
255 247 152 239
72 70 6 169
0 34 255 247
22 239 32 70
73 70 0 47
0 240 52 129
255 247 194 238
130 70 32 70
255 247 82 239
7 70 72 70
255 247 78 239
0 40 0 240
110 129 0 47
0 240 107 129
122 104 67 104
154 66 0 240
102 129 223 248
252 52 223 248
252 20 243 88
121 68 26 104
24 70 82 248
12 44 19 68
218 104 34 240
74 2 66 240
8 2 218 96
255 247 250 238
6 70 32 70
255 247 44 239
3 70 48 70
89 104 255 247
192 238 223 248
204 20 121 68
255 247 236 238
6 70 72 70
255 247 30 239
3 70 48 70
89 104 255 247
178 238 223 248
180 20 121 68
255 247 222 238
3 104 2 70
83 248 12 60
26 68 211 104
35 240 74 3
67 240 2 3
211 96 255 247
148 238 2 32
255 247 150 238
40 70 255 247
20 239 1 39
115 231 7 59
1 43 63 246
125 175 4 155
0 43 0 240
166 128 6 155
0 43 62 208
216 248 0 64
0 44 0 240
146 128 32 70
255 247 242 238
223 248 92 52
33 70 244 88
2 70 32 70
255 247 216 238
32 70 73 70
32 34 255 247
212 238 35 104
83 248 12 60
35 68 211 248
124 160 186 241
0 15 0 240
193 129 154 248
28 48 83 177
154 248 39 16
32 70 255 247
64 238 255 247
106 238 40 70
255 247 70 238
59 231 80 70
255 247 160 238
218 248 0 32
223 248 12 52
146 105 243 88
154 66 8 191
10 33 233 208
80 70 10 33
144 71 1 70
228 231 17 168
41 70 255 247
214 238 18 155
17 153 91 177
26 29 191 243
95 143 82 232
0 15 1 48
66 232 0 4
0 44 248 209
191 243 95 143
7 156 6 145
7 147 116 177
35 29 191 243
95 143 83 232
0 47 81 30
67 232 0 16
0 40 248 209
1 42 191 243
95 143 0 240
7 129 18 156
0 44 63 244
0 175 35 29
191 243 95 143
83 232 0 47
81 30 67 232
0 16 0 40
248 209 1 42
191 243 95 143
127 244 241 174
35 104 32 70
155 104 152 71
4 241 8 3
191 243 95 143
83 232 0 47
81 30 67 232
0 16 0 40
248 209 1 42
191 243 95 143
127 244 221 174
33 104 215 75
202 104 243 88
154 66 64 240
67 129 75 104
32 70 152 71
209 230 208 75
244 88 35 104
83 248 12 12
32 68 65 105
65 240 1 1
255 247 112 238
108 231 8 168
41 70 255 247
114 238 9 155
8 153 91 177
26 29 191 243
95 143 82 232
0 15 1 48
66 232 0 4
0 44 248 209
191 243 95 143
5 156 4 145
5 147 116 177
35 29 191 243
95 143 83 232
0 47 81 30
67 232 0 16
0 40 248 209
1 42 191 243
95 143 0 240
209 128 9 152
0 40 63 244
156 174 0 240
47 250 152 230
255 247 28 238
0 40 0 240
227 128 177 75
216 248 0 16
240 88 255 247
228 237 177 73
121 68 255 247
224 237 4 153
7 70 0 41
0 240 237 128
11 104 2 168
155 105 152 71
2 153 56 70
81 248 12 44
255 247 250 237
168 73 121 68
255 247 204 237
6 153 7 70
0 41 0 240
218 128 11 104
3 168 155 105
152 71 3 153
56 70 81 248
12 44 255 247
232 237 160 73
121 68 255 247
186 237 255 247
122 237 158 75
3 152 246 88
12 56 176 66
64 240 203 128
2 152 12 56
176 66 63 244
218 174 8 169
0 240 168 249
213 230 186 241
0 15 127 244
210 174 142 75
216 248 0 16
240 88 255 247
158 237 146 73
121 68 255 247
154 237 4 153
7 70 0 41
0 240 167 128
11 104 104 70
155 105 152 71
0 153 56 70
81 248 12 44
255 247 180 237
137 73 121 68
255 247 134 237
6 153 7 70
0 41 0 240
148 128 11 104
1 168 155 105
152 71 1 153
56 70 81 248
12 44 255 247
162 237 129 73
121 68 255 247
116 237 255 247
52 237 123 75
1 152 246 88
12 56 176 66
117 209 0 152
12 56 176 66
117 209 72 70
255 247 94 237
32 70 255 247
92 237 7 152
8 177 0 240
157 249 5 152
8 177 0 240
153 249 40 70
255 247 48 237
0 32 40 176
189 232 240 135
35 104 32 70
155 104 152 71
4 241 8 3
191 243 95 143
83 232 0 47
81 30 67 232
0 16 0 40
248 209 1 42
191 243 95 143
127 244 229 174
33 104 93 75
202 104 243 88
154 66 76 209
75 104 32 70
152 71 218 230
86 75 216 248
0 16 240 88
255 247 46 237
93 73 121 68
255 247 42 237
255 247 234 236
40 70 255 247
218 236 233 229
35 104 32 70
155 104 152 71
4 241 8 3
191 243 95 143
83 232 0 47
81 30 67 232
0 16 0 40
248 209 1 42
191 243 95 143
127 244 27 175
33 104 70 75
202 104 243 88
154 66 40 209
75 104 32 70
152 71 16 231
32 70 255 247
58 237 7 70
72 70 255 247
54 237 0 40
149 208 0 47
147 208 122 104
67 104 154 66
127 244 13 175
141 231 8 169
0 240 242 248
133 231 8 169
0 240 238 248
133 231 0 240
17 249 32 70
144 71 142 230
32 70 144 71
143 229 8 169
0 240 226 248
48 231 32 70
144 71 232 230
255 247 0 237
7 152 8 177
0 240 24 249
5 152 8 177
0 240 20 249
40 70 255 247
172 236 255 247
220 236 42 75
246 88 0 152
12 56 176 66
25 209 72 70
255 247 192 236
32 70 255 247
190 236 229 231
18 152 0 40
226 208 0 240
253 248 223 231
32 75 3 152
246 88 12 56
176 66 2 208
8 169 0 240
179 248 2 152
12 56 176 66
229 208 8 169
0 240 172 248
225 231 9 152
0 40 203 208
0 240 230 248
200 231 207 231
20 75 246 88
237 231 199 231
18 75 1 152
246 88 12 56
176 66 204 208
8 169 0 240
151 248 200 231
203 231 205 231
166 11 1 0
248 8 0 0
242 8 0 0
164 0 0 0
212 8 0 0
94 8 0 0
82 8 0 0
172 0 0 0
156 0 0 0
152 0 0 0
88 6 0 0
62 6 0 0
48 6 0 0
148 0 0 0
204 5 0 0
178 5 0 0
148 5 0 0
190 4 0 0
79 240 0 11
79 240 0 14
2 188 106 70
4 180 1 180
223 248 16 192
77 248 4 205
3 72 4 75
255 247 192 236
255 247 70 236
57 25 1 0
29 17 1 0
249 24 1 0
20 48 159 229
20 32 159 229
3 48 143 224
2 32 147 231
0 0 82 227
30 255 47 1
87 254 255 234
128 5 1 0
168 0 0 0
7 75 65 246
160 80 192 242
2 0 27 26
6 43 5 217
64 242 0 3
192 242 0 3
3 177 24 71
112 71 0 191
163 29 2 0
65 246 160 83
65 246 160 80
192 242 2 3
192 242 2 0
25 26 137 16
1 235 209 113
73 16 5 208
64 242 0 3
192 242 0 3
3 177 24 71
112 71 0 191
16 181 65 246
160 84 192 242
2 4 35 120
27 185 255 247
207 255 1 35
35 112 16 189
65 246 200 48
8 181 192 242
2 0 3 104
19 185 189 232
8 64 211 231
64 242 0 3
192 242 0 3
0 43 246 208
152 71 244 231
16 75 17 74
123 68 0 181
155 88 147 177
0 241 8 2
191 243 95 143
82 232 0 63
3 241 255 62
66 232 0 236
188 241 0 15
246 209 191 243
95 143 0 43
5 221 93 248
4 251 131 104
90 30 130 96
247 231 93 248
4 235 255 247
191 187 0 191
216 4 1 0
160 0 0 0
8 181 64 242
141 34 4 72
4 73 5 75
120 68 121 68
123 68 255 247
196 235 0 191
164 1 0 0
170 1 0 0
228 0 0 0
8 70 112 71
16 177 3 104
91 104 24 71
112 71 0 191
112 181 191 243
95 143 3 29
24 77 2 70
125 68 83 232
0 31 76 30
67 232 0 70
0 46 248 209
1 41 191 243
95 143 0 208
112 189 22 70
20 70 86 248
8 59 155 104
152 71 191 243
95 143 86 232
0 63 90 30
70 232 0 33
0 41 248 209
1 43 191 243
95 143 235 209
34 104 8 75
209 104 235 88
153 66 4 209
32 70 83 104
189 232 112 64
24 71 32 70
189 232 112 64
8 71 0 191
80 4 1 0
152 0 0 0
45 233 248 67
7 70 12 78
136 70 12 77
145 70 126 68
255 247 14 235
125 68 118 27
182 16 10 208
4 61 0 36
1 52 85 248
4 63 56 70
65 70 74 70
152 71 180 66
246 209 189 232
248 131 0 191
186 2 1 0
172 2 1 0
112 71 0 191
8 64 45 233
8 128 189 232
0 